%id,name,mfcc,scem,scom,srom,sbwm,tempo,rmse
1,'Till I Collapse.mp3,7.283615702,2674.774992,19.87695238,5288.601354,2482.27942,86.1328125,8.857639313
2,A Milli.mp3,0.319868183,2984.144801,21.8432177,6185.670929,2719.48005,103.359375,7.212767601
3,All The Way Up (Remix).mp3,-1.639083191,2541.987379,21.93848198,5268.393143,2485.670784,117.4538352,5.651818752
4,Antidote.mp3,3.710087767,2866.04269,21.82841205,6488.544098,2923.624559,129.1992188,8.435676575
5,Bass Drops.mp3,6.87156901,3265.729849,18.02237691,6920.224821,2892.176405,151.9990809,8.614811897
6,Blood On The Leaves.mp3,3.537371728,2468.380158,20.97931408,5221.035096,2480.063693,172.265625,8.328921318
7,Burnin.mp3,8.441056827,2779.745795,20.46871947,5930.573883,2635.431639,129.1992188,8.351864815
8,California Love - Original Mix (Explicit).mp3,4.593959536,3189.50491,20.62067681,6465.985901,2754.337726,92.28515625,6.914132118
9,Champions.mp3,7.399305399,2704.812856,20.72413468,5909.914264,2721.391768,135.9991776,9.70543766
10,Chill Bill REMIX.mp3,6.456714281,2075.187614,22.28350808,4542.789197,2507.127646,107.6660156,8.448152542
11,Dirty Deeds Done Dirt Cheap.mp3,3.628630505,2478.26634,21.17710015,4717.313142,2150.828643,135.9991776,5.525505543
12,Down With The Sickness.mp3,5.424994519,2957.405391,18.86186454,5826.18977,2584.691158,89.10290948,4.327246666
13,Enter Sandman.mp3,5.737571003,3099.856225,19.66924153,6130.771261,2644.760694,123.046875,4.235799789
14,Feel Invincible.mp3,9.199405738,2949.954594,19.29985933,5858.081244,2535.590137,123.046875,7.821331501
15,Five Hours.mp3,9.183096102,2913.509325,19.13154621,6547.635407,2911.548715,129.1992188,10.69928169
16,Flashlight - Original Mix.mp3,4.946143863,3269.909696,18.94688532,6790.467272,2814.515706,129.1992188,8.175726891
17,Forever.mp3,6.607135885,2305.611288,19.34260646,4870.77888,2399.953067,135.9991776,9.426009178
18,Grindin'.mp3,6.131867916,2267.592975,20.39318506,4803.395955,2411.329225,112.3471467,7.357149124
19,Hate Me Now.mp3,7.169419286,2579.330403,20.62653095,5457.491999,2589.843157,89.10290948,7.694087982
20,Ima Boss - feat. Rick Ross.mp3,9.940470206,3225.725217,20.2923237,6988.391075,2954.992152,107.6660156,9.51019001
21,Last Resort.mp3,8.464172223,2877.39552,19.60147539,5647.524184,2554.428955,92.28515625,7.803962708
22,Lockjaw.mp3,8.680687743,2887.006807,20.95210348,6251.953862,2848.899864,112.3471467,9.275878906
23,Look Alive - Remix.mp3,8.176139778,2384.1208,20.04272745,5287.60136,2648.768499,117.4538352,8.609834671
24,Looking Down the Barrel of Today.mp3,9.016080518,3074.091351,18.47317887,6244.995571,2723.52532,117.4538352,7.482840538
25,Lose Yourself - Soundtrack Version.mp3,9.776713802,2342.703671,20.21185933,4844.570706,2447.774916,86.1328125,9.346674919
26,Mercy.1.mp3,7.763382858,2616.773102,20.37916046,5723.473724,2707.3958,135.9991776,7.949509144
27,My Way.mp3,8.820102188,2801.521274,18.96324674,5928.15582,2616.946403,129.1992188,9.323859215
28,Notorious Thugs - feat. Bone Thugs and Harmony Explicit.mp3,4.373697783,2871.38854,20.54587577,6280.312024,2859.109759,151.9990809,6.263497829
29,One Step Closer.mp3,7.611478075,2962.395646,18.93139026,6074.488268,2708.848092,95.703125,7.91462326
30,Panda.mp3,7.228293417,2660.238287,21.26910859,5162.052119,2376.475273,143.5546875,8.62389183
31,Patiently Waiting.mp3,7.30640367,2292.370627,20.81634325,4712.271506,2372.98098,103.359375,7.888511658
32,POWER.mp3,8.002379081,2517.518436,19.8697712,5265.03483,2506.761237,151.9990809,9.522476196
33,Propaganda.mp3,9.360481584,3530.670968,19.12314087,7236.189577,2875.109012,151.9990809,8.749369621
34,Purple Lamborghini (with Rick Ross).mp3,6.597613157,3307.776076,19.92805055,7146.115122,2987.033143,143.5546875,10.72292423
35,Pursuit Of Happiness - Extended Steve Aoki Remix (Explicit).mp3,6.400478266,2308.880785,20.3113814,5176.985362,2585.940156,129.1992188,8.785757065
36,Put On.mp3,9.00246686,2796.405846,20.22858286,6367.661496,2901.81319,135.9991776,10.15357113
37,Rap God.mp3,7.840335906,2701.198558,19.46494423,5359.925923,2570.595734,99.38401442,9.336885452
38,Regulate.mp3,3.687111404,1793.371662,20.23273395,4101.341866,2424.076739,95.703125,5.162091732
39,Smells Like Teen Spirit.mp3,6.97711738,2972.057635,19.36854243,5685.073956,2466.125736,117.4538352,7.777246952
40,Tempo.mp3,0.394335889,2767.721266,19.98132853,5623.29933,2550.598714,112.3471467,6.606503487
41,The Drop.mp3,5.871243549,3036.743532,20.85625576,6500.027362,2828.785356,112.3471467,9.735955238
42,Thunderstruck.mp3,7.800178019,2802.048441,19.72627401,5534.649866,2481.257762,135.9991776,6.906495094
43,We Own It (Fast & Furious).mp3,5.659861262,2210.367489,19.41836791,4692.413292,2430.720075,86.1328125,4.339350224
44,Welcome To The Jungle.mp3,3.314639506,2653.081623,19.56510556,5209.860163,2335.93714,123.046875,4.190575123
45,Wild for the Night.mp3,7.909813188,2918.005158,19.83592363,6597.643438,2891.844519,143.5546875,11.05517006
46,'Till I Collapse.mp3,7.283615702,2674.774992,19.87695238,5288.601354,2482.27942,86.1328125,8.857639313
47,A Milli.mp3,0.319868183,2984.144801,21.8432177,6185.670929,2719.48005,103.359375,7.212767601
48,All The Way Up (Remix).mp3,-1.639083191,2541.987379,21.93848198,5268.393143,2485.670784,117.4538352,5.651818752
49,Antidote.mp3,3.710087767,2866.04269,21.82841205,6488.544098,2923.624559,129.1992188,8.435676575
50,A Game of Badminton.mp3,-17.24234599,634.3335891,26.24925447,888.7279593,638.5055718,129.1992188,0.685373425
51,A Sky Full of Flowers.mp3,-6.704556242,508.7427631,25.2281263,816.795061,518.2488816,107.6660156,2.6118505
52,Awakening.mp3,-7.155674911,458.2734176,25.34145242,621.8129066,347.5161371,123.046875,3.206788301
53,Cascade.mp3,-9.530027802,670.5224107,22.570426,1023.685477,1089.964626,129.1992188,1.31971693
54,Dalur.mp3,-1.974848313,518.8187349,23.71006238,658.8876825,854.1982326,129.1992188,4.457283974
55,Davvi plays.mp3,-22.01740779,667.656677,24.60685916,982.0440617,975.1669672,86.1328125,0.294703752
56,Deco.mp3,-12.73177852,479.8956283,25.79908456,704.3540742,464.7985056,99.38401442,1.413343072
57,Departure (Home).mp3,-12.3802558,581.583764,24.59352109,831.9116362,828.0423347,151.9990809,0.903794587
58,Echoes of You.mp3,-8.220082382,511.390134,24.53161892,819.653377,521.0619881,99.38401442,3.062158346
59,Emptiness.mp3,-5.452029183,571.1231359,25.88624354,948.7275965,708.918329,151.9990809,1.657359838
60,Etude.mp3,-8.494455439,482.1392457,23.77901622,620.0212508,599.7659712,123.046875,3.087491512
61,Eyes Closed And Traveling.mp3,-3.831830491,664.2746069,25.35679492,1172.359578,737.2734979,86.1328125,3.893099308
62,Far and Beyond.mp3,-12.87194675,543.2887555,27.19269464,898.2862349,568.1141707,99.38401442,1.630119801
63,For Stormboy.mp3,-13.32628125,543.7013474,25.72290784,872.6863897,607.4856945,123.046875,0.732790351
64,I Miss You.mp3,-17.56346666,593.4002452,26.72877843,823.3200215,489.0501479,151.9990809,1.201980352
65,Il.mp3,-6.021741842,986.5007423,27.25359962,1853.605458,1064.701366,107.6660156,4.242734432
66,Improv #10 - One Last Thought.mp3,-10.42945883,688.689852,25.4771084,1058.626932,681.9499743,143.5546875,3.627377987
67,India's Lament.mp3,-17.71880699,702.5212306,26.33498854,1142.643091,775.228691,135.9991776,0.559476852
68,Interlude For Piano.mp3,-7.131063237,529.437631,23.39177274,858.1698108,612.3408537,112.3471467,1.202203035
69,Intro.mp3,-3.462724506,640.497939,26.486984,1087.551757,638.5075327,117.4538352,2.135024786
70,La Clairière.mp3,-8.631210765,598.4677842,25.42404415,952.9692375,543.9206163,129.1992188,1.955460906
71,La Lluvia.mp3,-5.923904943,467.6507989,25.26231938,669.1376205,420.9642328,151.9990809,2.463890553
72,Leaves.mp3,-11.18446109,633.3865092,24.47869439,923.3777498,715.5808092,143.5546875,1.531991601
73,Light of the Seven.mp3,-4.577341734,1017.826461,24.57514217,1753.589396,1392.447193,117.4538352,1.826323748
74,Mrs. Smith.mp3,-12.37220225,553.9071112,25.48149519,897.6362388,535.5948652,123.046875,1.851973534
75,Nocturne in a Minor.mp3,-7.719683583,539.5124176,25.8576478,880.0196786,552.0168012,129.1992188,1.975354671
76,Nostos.mp3,-2.18637487,1062.457694,25.0828321,1941.046596,1351.813952,117.4538352,6.046305656
77,Nuvole bianche.mp3,-6.044475029,791.1885659,26.25982739,1423.099728,893.0372609,95.703125,1.605311751
78,Only Questions.mp3,-12.61160365,503.635189,24.87902536,806.8867875,647.0392788,143.5546875,1.221238136
79,Opening.mp3,-16.2879405,715.6220706,24.2718079,1091.818398,645.4930205,107.6660156,1.16494453
80,Qi.mp3,-7.482035733,838.3128403,26.26258923,1467.266128,918.6384195,143.5546875,3.842585564
81,Rays of Hope.mp3,-9.534269363,610.4819954,25.54748514,900.794553,546.6032648,103.359375,2.703308344
82,River Running.mp3,-4.990507693,740.8004908,26.94502867,1284.125568,709.8919128,143.5546875,3.900239944
83,Saltare (Somewhere at the Baltic Sea).mp3,-11.69690681,574.1961863,26.93552601,907.5778453,523.0850141,135.9991776,2.432069063
84,Sanctuary.mp3,-6.239396719,550.7572918,26.10041698,943.7526266,512.5329648,129.1992188,3.735494375
85,Sleeping Lotus.mp3,-6.715134043,510.8735533,23.99314337,768.0203559,618.110232,143.5546875,3.77650404
86,Solitude Hymns.mp3,-6.627508616,550.8944025,24.30862899,885.9696427,543.5578919,123.046875,4.013552189
87,The Departure.mp3,-14.05677288,384.5623429,23.99617276,514.4218894,409.2082879,117.4538352,1.155747533
88,The Watchtower.mp3,-7.061013653,459.1285073,24.76766057,659.5460118,519.5675639,151.9990809,1.288819313
89,Threnody.mp3,-4.211426218,485.3935872,21.55764792,618.937924,954.3866507,117.4538352,1.752353191
90,Throes.mp3,-8.614735666,617.4873238,24.98593177,900.5528878,565.7078941,129.1992188,2.080781221
91,Tokka.mp3,-4.264570108,555.6934682,24.021121,917.2111204,491.7635578,86.1328125,2.360317945
92,Vladimir's Blues.mp3,-6.935701779,568.1456538,25.10703237,849.8448611,619.3759754,117.4538352,3.265764952
93,Wanderlust.mp3,-6.942314777,533.2533372,23.6514476,733.1622333,649.0547494,129.1992188,3.449455976
94,Aint My Fault.mp3,7.54470208,2911.29816,19.84745143,6540.168786,2904.537881,143.5546875,8.705165863
95,Alarm.mp3,6.000209291,2423.260228,21.04237949,5360.700918,2587.063482,143.5546875,8.930218697
96,Be As You Are - JordanXL Remix.mp3,6.259537719,3215.164648,20.22591754,6710.342757,2914.723038,172.265625,6.885521412
97,Blow Your Mind (Mwah).mp3,7.872813049,2670.84638,19.77065753,5995.88041,2784.231148,107.6660156,9.023843765
98,Body Say.mp3,8.349560199,2377.378428,20.02824774,5226.343397,2594.219522,172.265625,9.701953888
99,Burn Brighter.mp3,6.228687159,2601.130394,19.61167806,5586.374553,2586.511718,129.1992188,8.995555878
100,Closer.mp3,3.891682159,3040.883535,20.57290606,6637.843195,2929.112106,95.703125,7.045265198
101,Cold Water.mp3,4.80253627,2514.543459,20.91482592,5711.240465,2689.98856,123.046875,6.798384666
102,CRZY.mp3,2.110540608,2752.490119,20.74562611,5527.749908,2584.656376,129.1992188,6.018304348
103,Dont Let Me Down.mp3,8.391123563,2538.886352,21.11329751,5396.100704,2548.446805,161.4990234,9.362024307
104,False Alarm.mp3,5.919163777,2857.72069,21.08594502,6161.154411,2756.470528,103.359375,6.987514973
105,Final Song.mp3,8.393359616,2962.709824,18.98500963,6462.735921,2866.150378,103.359375,9.133288383
106,Heathens.mp3,0.755444904,2545.892653,21.07210968,5260.534857,2515.536319,89.10290948,4.430327892
107,Hymn For The Weekend - Seeb Remix.mp3,7.378904484,2755.533226,20.54902152,5970.397231,2694.820497,103.359375,9.387563705
108,In the Name of Love.mp3,7.531056729,2353.19461,21.53739675,5272.21812,2697.508178,135.9991776,7.968411922
109,Into You.mp3,8.786812609,2798.764303,19.75347842,5919.772537,2757.227895,107.6660156,8.169916153
110,Let Me Hold You (Turn Me On).mp3,8.349625283,2868.211786,20.18973936,6547.643741,2884.428862,135.9991776,10.36074352
111,Let Me Love You.mp3,6.831625058,2309.917303,21.41599897,5345.901007,2608.635251,99.38401442,7.986799717
112,Mama Said.mp3,7.192119029,2222.505854,20.54081458,5008.011384,2537.756069,83.35433468,8.485983849
113,Millionaire (feat. Nelly) - Alan Walker Remix.mp3,6.630131696,2754.094474,19.99593804,6009.121997,2728.463542,95.703125,6.722210407
114,My Way.mp3,7.849883307,2369.35967,20.53925032,5087.402571,2529.199176,117.4538352,8.677862167
115,Never Be Like You (feat. Kai).mp3,2.21439903,2359.818221,21.40331216,4844.062375,2394.665097,117.4538352,7.127340317
116,Perfect Strangers.mp3,6.439076025,2648.331964,19.74490129,6007.797005,2758.168641,117.4538352,7.915259838
117,Please Dont Go.mp3,7.480357333,2302.782895,21.07185876,4886.495452,2397.832687,83.35433468,7.717729568
118,Scars To Your Beautiful.mp3,10.10063574,2338.273246,20.14160855,5073.16099,2577.845273,99.38401442,8.522911072
119,Side To Side.mp3,4.021564406,2484.577577,21.35358619,5237.634995,2563.636639,161.4990234,6.691478252
120,Something Wrong.mp3,8.555141396,3105.006744,20.39066176,6762.034111,2959.377394,95.703125,7.588124752
121,Starving.mp3,5.699080459,2759.098575,20.78469645,5854.614598,2690.84484,99.38401442,9.139194489
122,Still Falling For You - Jonas Blue Remix.mp3,3.804559815,2992.122926,19.73210075,6233.728972,2800.657015,123.046875,5.279886246
123,Sucker For Pain.mp3,5.80020855,2003.428694,20.96685273,4137.033317,2267.574702,86.1328125,8.674656868
124,The Ocean.mp3,7.782763354,2903.467941,21.66916186,6330.903385,2788.875991,89.10290948,9.171683311
125,This Is What You Came For.mp3,8.289201952,2367.906545,19.49613489,5400.825675,2671.382564,123.046875,9.856909752
126,Too Good.mp3,8.118001391,2040.392176,19.16138575,4686.838326,2493.822531,161.4990234,8.935214043
127,We Dont Talk Anymore (feat. Selena Gomez).mp3,7.005347239,1963.658989,20.43896109,4757.137901,2696.455528,99.38401442,8.05245018
128,Whole Heart.mp3,8.216224412,2634.810772,20.3415607,5580.107925,2586.135952,107.6660156,7.467455864
129,WILD - Young Bombs Remix.mp3,9.204788106,2741.765485,20.00279664,6039.638479,2745.263992,99.38401442,11.16815186
130,Write On Me.mp3,3.588125992,2172.811554,22.06571794,4514.972699,2323.081611,95.703125,7.197347164
131,A Touch Of Silver.mp3,2.182090464,2008.227306,22.16628569,4271.332505,2362.906658,129.1992188,4.348369122
132,All The Joy.mp3,-0.420978587,1810.50212,22.8196776,3800.143688,2217.648805,89.10290948,3.749902487
133,Almost Like Being in Love.mp3,0.431972681,1920.574739,20.06893339,4231.882744,2553.858556,95.703125,4.450773716
134,Angel (Live).mp3,5.984499483,1777.566251,21.45458867,3898.109762,2247.092578,161.4990234,6.248867512
135,Anniversary - Radio Edit.mp3,1.475226826,2629.842184,21.64793538,5873.931148,2734.929565,89.10290948,3.963258028
136,"Baby, This Love I Have.mp3",-0.554018396,2119.068513,22.43290161,4437.098169,2293.621392,161.4990234,3.501132965
137,Bee Blues.mp3,-0.008894008,1390.242664,22.37557073,3006.55682,1976.764666,129.1992188,3.360394001
138,Begin The Beguine - Alternate Take.mp3,-0.20407014,1768.841269,22.52918279,3831.851829,2278.235229,92.28515625,3.510814667
139,Blue Monk.mp3,-1.216743955,1786.913239,22.35513251,4017.275708,2420.404915,103.359375,2.836167336
140,Blues for Sharpie.mp3,0.452922101,2484.395667,21.62449381,6717.251048,3132.485393,143.5546875,2.885711908
141,Brother Hiroshi.mp3,0.941665573,1863.693864,21.79550581,4347.507045,2356.991393,123.046875,4.050741673
142,Cambridge Place.mp3,0.744945704,1986.317892,20.58738193,4548.289164,2499.780958,151.9990809,3.521097422
143,Cantaloupe Island.mp3,-1.648346952,2136.486531,22.18124427,4694.729945,2336.205161,117.4538352,2.335929155
144,First Began.mp3,-2.346395519,1827.528383,21.5402491,3878.134883,2131.258411,73.828125,4.240890503
145,Garden of Delight.mp3,-1.385692234,1527.514449,21.57420594,3390.78783,2239.340344,107.6660156,2.461914539
146,Gramercy Sunset.mp3,-3.223134254,919.4032322,23.63006804,1623.715182,1326.876907,89.10290948,2.289993763
147,Ham Hocks and Cabbage.mp3,-6.427931799,1292.149973,21.80851539,2683.125442,1827.34756,123.046875,1.218586683
148,Have You Met Miss Jones.mp3,-4.366716638,2647.511687,22.84914931,5225.610068,2396.169517,129.1992188,1.283737898
149,Honeysuckle Rose.mp3,-1.811064248,1561.497474,20.24649234,3549.195205,2222.74761,83.35433468,1.810569406
150,Just in Time.mp3,-1.736870059,1524.272709,21.64234081,3009.531802,1998.982609,89.10290948,2.852495909
151,Keep You in Mind.mp3,6.805979451,1765.143249,21.32875662,3781.527134,2252.54204,112.3471467,8.500946045
152,Killer Joe.mp3,2.162190955,1731.933158,22.17518517,3942.434494,2322.519004,123.046875,4.406216145
153,Let's Call the Whole Thing Off.mp3,0.242864154,2289.094812,22.52354945,4823.054169,2465.323952,143.5546875,3.614852667
154,Let's Fall In Love.mp3,-3.275392654,2117.461251,23.67340072,4259.740909,2187.431701,151.9990809,2.236678362
155,London Blues.mp3,0.285643979,1825.328717,21.69274981,4089.483605,2368.318093,151.9990809,2.832918882
156,Love Jumped Out.mp3,-6.230336525,2996.676019,21.09008127,7056.573997,3086.369265,151.9990809,0.965166986
157,Lucky To Be Me.mp3,0.470472304,1419.756204,21.53206031,2951.490486,1922.332619,83.35433468,4.59078455
158,Mojo.mp3,-4.546151917,2956.279329,22.88252708,5930.564139,2635.667186,172.265625,2.049746752
159,New Orleans.mp3,-3.104224622,2114.143877,23.01585464,4574.414006,2357.054599,117.4538352,2.221541405
160,Nice Work If You Can Get It.mp3,-1.074585105,1317.439088,21.23946666,2712.71693,2031.070911,103.359375,2.176915884
161,No Ordinary Love - Remastered.mp3,2.81073461,1751.265885,20.24658637,4066.933741,2388.681929,112.3471467,6.815979958
162,One For Daddy-O.mp3,-5.192249836,3433.067,22.91212421,7567.962571,3127.311118,107.6660156,2.300926685
163,Remember - 1999 Digital Remaster.mp3,-0.899780332,2713.219888,21.4502232,6270.045419,2834.921374,83.35433468,4.437175751
164,Sandu.mp3,-2.231505697,2778.539982,22.01487641,5875.272806,2692.008451,143.5546875,3.247591734
165,Smoke Stack - 1999 Digital Remaster.mp3,0.519200121,3248.405903,20.07970783,6664.968031,2757.241396,107.6660156,4.27104187
166,So In Love - feat. Anthony Hamilton.mp3,5.469212035,2624.521817,19.62380389,5795.073291,2711.538404,103.359375,8.048274994
167,Spend The Night.mp3,3.225213215,2373.403172,21.98993026,5242.984963,2611.036994,89.10290948,4.926589966
168,Stella By Starlight.mp3,-0.554804634,1180.906624,22.09506694,2391.118875,1804.44107,89.10290948,2.910372496
169,Stockholm Sweetnin'.mp3,2.181470536,1736.838316,24.17987964,3616.669797,2032.189879,117.4538352,5.439447403
170,Stolen Moments.mp3,-4.909895994,1668.28519,25.42147655,3261.071947,1845.14234,117.4538352,2.616041422
171,Sun Out.mp3,-0.389005213,1684.087257,22.59821799,3832.376826,2389.607926,129.1992188,3.539618492
172,The Outlaw (Rudy Van Gelder Edition) [2007 - Remastered].mp3,-1.66631381,2054.933585,22.08137013,4520.380999,2379.583643,135.9991776,3.254687071
173,The Runaround.mp3,-0.051710237,1578.417401,20.85814311,3324.0049,2079.875539,129.1992188,3.456752777
174,They Didn't Believe Me.mp3,-2.204052201,1314.31131,23.69989951,2552.917896,1791.851312,135.9991776,2.698106527175175
175,am.wav,-8.87479483409,1085.60431834,26.5854833637,1909.27668729,1396.21518481,184.5703125, 0.0734518